MATRIZ 15X15 
65 56 65 54 87 98 87 897 987 25 87 54 64 21 57
5 6 65 75 87 54 648 32 54 87 56 24 54 5487 54
6 6 556 564 86497 64 54 54 23 545 54 648 87 54 98
54 65 54 54 89 787 4 876 21 41 5 4 56 154 4
4 5 6 654 4 7 8 7 8 9 8 7 4 878 9 
87 54 89 7 87 89 78 97 89 54 8948 4 87 87 54 
8 7 8 9 99889 9898 9 7 8789 4 4 54 7 5 7
54 87 65 54 45 56 87 98 4 5 1 24 7 4 1
564 4 8 89 7 8 7 84 8 98 4 84 8 4 8
6 54 5487 87 89 98 54 54 45 54 54 65 45 56 454 
45 6 58 7 8 9 87 87 8 97 8 7 9 8 7
65 12 12 342 454 652 65 78 8 654 6 948 85 654 45 
21 32 65 32 98 87 54 65 56 2314 4 256 9 87 658
12 54 4 7 7 8 7 89 89 9 878 8 754 45 6
21 3 45 54 65 54 3 45 5 78 7 89 9 7 8

45 
12 
35
21
54
4
54
6541
21
32
1
564
64
84
56














































29965.658203 11854.556641 40777.257812 48634.097656 38406.421875 12619.383789 38662.269531 7997.655762 205.879333 37308.042969 40080.722656 31030.904297 60168.031250 48547.738281 41383.921875 40926.300781 55806.140625 9742.100586 11127.898438 62392.531250 33383.988281 12432.503906 15478.512695 11390.650391 57769.640625 46883.179688 27729.945312 52108.796875 50866.093750 28721.863281 8520.389648 50386.234375 54271.562500 16595.425781 64938.761719 22048.539062 24927.468750 58093.742188 42961.406250 34111.898438 51989.460938 8173.495117 38031.902344 40387.937500 40484.218750 50855.457031 28046.878906 51036.222656 17329.933594 43672.167969 63470.644531 15616.152344 45561.046875 58697.628906 16219.375000 4704.803711 8134.330078 55594.542969 48227.812500 45429.015625 44309.101562 65418.476562 12377.160156 45293.496094 3887.850342 41052.089844 34397.125000 63287.753906 54189.179688 46892.121094 12735.341797 36638.839844 42337.968750 29009.232422 59029.390625 23930.773438 33437.992188 42922.183594 49116.839844 1521.882080 28658.878906 17761.146484 10387.298828 47737.117188 19890.681641 49768.859375 14949.677734 1863.320190 48239.527344 59304.878906 4294.722168 4463.266602 37048.718750 57485.421875 5964.693359 16318.585938 28317.617188 35990.015625 57025.636719 40318.542969 31189.326172 55901.953125 11633.375000 4610.015137 58022.609375 36117.355469 5673.228027 31463.988281 14377.836914 42421.835938 56540.714844 6631.699219 36759.289062 4739.638184 36879.343750 48931.210938 48401.378906 13160.752930 64237.835938 4546.739258 39728.316406 30760.597656 14804.338867 50929.285156 9895.416992 40979.222656 31265.341797 53995.378906 58534.925781 37462.394531 33274.292969 557.304199 59904.324219 11149.098633 11667.771484 30388.328125 26030.521484 54522.945312 65495.730469 27613.220703 63390.984375 20100.119141 39849.992188 56308.437500 52901.390625 64185.281250 37455.261719 15471.579102 310.960236 5404.679688 3319.802002 8208.262695 1585.276855 51436.699219 10222.494141 60547.648438 34089.007812 5020.684082 8102.494141 6823.078613 47546.582031 40031.648438 47708.480469 54740.832031 52573.234375 35862.207031 48136.226562 46327.242188 47731.023438 56953.761719 13198.249023 14204.124023 41927.660156 32420.074219 5333.929688 46170.093750 17883.275391 63442.281250 60401.566406 60888.824219 47211.285156 58723.191406 59748.101562 54169.746094 32866.917969 63409.414062 62660.843750 21289.822266 49433.964844 59183.503906 41074.539062 62474.300781 18246.218750 18787.794922 8014.579102 59519.804688 47404.082031 2313.331543 5662.292480 61180.804688 22171.947266 3479.816650 9538.010742 19712.435547 20832.654297 1972.144287 48270.988281 655.978455 38512.156250 23943.054688 57625.585938 39026.531250 31205.177734 15249.284180 4039.855469 63221.089844 3004.622803 57316.355469 58590.273438 5389.825195 3692.815674 7804.879395 22091.941406 33673.894531 23783.152344 3028.533691 5252.710938 4410.517090 38764.617188 26624.300781 22401.978516 30677.767578 6895.244629 16653.861328 38795.453125 40103.929688 63927.253906 41026.195312 40516.664062 50861.257812 64848.210938 5318.842285 2378.348389 37318.257812 61980.625000 8797.793945 56452.796875 5318.180176 53636.691406 6597.409180 62919.753906 31996.099609 28037.783203 5007.385254 42797.464844 10466.841797 7216.727539 42154.984375 18615.662109 24514.271484 15381.345703 50259.160156 40404.339844 49877.734375 18205.300781 52631.273438 63995.914062 36693.691406 16715.521484 31867.033203 7020.584961 28507.343750 65486.601562 22921.316406 51174.707031 5434.195801 48343.304688 25326.626953 25490.373047 18608.400391 44538.574219 29174.205078 1070.142212 5297.678711 49509.687500 52374.296875 2976.530518 47853.003906 14018.407227 65386.152344 59099.007812 23920.642578 37382.863281 46371.589844 34140.601562 50649.011719 65149.226562 35215.281250 5590.020020 21871.705078 62326.191406 49315.714844 22451.308594 41729.429688 27783.554688 61194.035156 30608.898438 27835.320312 38307.500000 9996.999023 41331.667969 30639.203125 64791.203125 62077.000000 59646.871094 23131.476562 11671.527344 17906.361328 17614.921875 22560.986328 15967.611328 43026.218750 1116.879517 47502.265625 29289.947266 34286.050781 1455.903809 37363.707031 34409.308594 24547.203125 24434.646484 14582.429688 46655.523438 37419.656250 43690.109375 42201.261719 28941.806641 35264.777344 26131.496094 62218.492188 35310.375000 53476.023438 42533.976562 33189.562500 44100.585938 47326.718750 8541.255859 14080.279297 25661.384766 51070.070312 39932.785156 36248.546875 36019.792969 1726.486816 38059.324219 47481.140625 39583.851562 42586.140625 36071.718750 63625.726562 29928.632812 39622.328125 3582.442871 59305.671875 6492.707520 10653.383789 58623.160156 17798.630859 44884.269531 52520.289062 1928.703369 47623.828125 25442.054688 52508.542969 37707.210938 12487.381836 40968.218750 55375.382812 58655.250000 12947.117188 56053.714844 31404.246094 12726.783203 42114.902344 28700.222656 37755.070312 14410.604492 47301.777344 35917.378906 41939.820312 57044.347656 19983.810547 15484.698242 40065.726562 64569.531250 28755.154297 37072.082031 58576.527344 11457.528320 13001.480469 8571.173828 26936.621094 24477.570312 28898.945312 13176.253906 27073.029297 53598.351562 19575.576172 42252.316406 24494.199219 16764.857422 43641.972656 37946.273438 56327.691406 53612.777344 18314.654297 52264.656250 30937.003906 22757.031250 8202.875000 50251.570312 55098.769531 53700.253906 12616.927734 30984.136719 10559.270508 11204.885742 27150.929688 49750.894531 65470.558594 63306.824219 32517.953125 9663.539062 162.298889 34343.910156 60710.882812 41332.671875 16942.951172 43517.000000 19047.730469 16760.669922 36192.253906 41544.328125 5707.958008 30722.888672 22566.898438 42600.230469 59265.261719 63327.292969 32163.335938 34676.691406 37985.656250 35945.589844 18666.136719 54365.332031 18518.615234 65178.945312 9029.779297 41508.320312 27413.207031 31833.693359 7268.848145 24527.039062 34930.363281 6142.653809 55389.062500 15900.638672 21703.349609 22378.179688 8948.850586 44713.031250 43226.105469 43037.871094 18132.244141 22961.169922 6462.354980 17876.369141 17908.132812 10375.812500 4710.141602 5510.867676 16463.404297 38627.968750 45494.957031 18226.871094 26009.693359 53647.890625 16479.103516 924.582397 54896.218750 45562.683594 31140.761719 45472.980469 63670.449219 22663.548828 29951.992188 38518.964844 58041.062500 42520.027344 21784.671875 17168.652344 1810.234863 57731.238281 48126.398438 2519.703857 36654.484375 43228.640625 42569.726562 3282.931396 20586.000000 57102.218750 6854.814941 22726.746094 16085.057617 35706.652344 2591.666992 41101.238281 41116.039062 17765.880859 46624.390625 7077.960938 61926.347656 17330.923828 12515.951172 46887.187500 11606.538086 8786.871094 54660.320312 2339.291016 4801.129395 53169.828125 55696.406250 37982.476562 50719.035156 7533.375977 10466.831055 1341.016479 3680.226807 28772.132812 25923.099609 34703.656250 11511.102539 51550.640625 15993.853516 34211.394531 41223.039062 50013.613281 62890.851562 56036.609375 22730.859375 17419.873047 50724.078125 63290.085938 44518.429688 36102.992188 63566.355469 61471.042969 46775.582031 60442.464844 38372.847656 53555.402344 36489.937500 40402.718750 24261.023438 9908.582031 5680.668945 4807.262207 22642.142578 33466.515625 56654.503906 38743.164062 57254.281250 34758.875000 13962.866211 39341.617188 63245.863281 54884.718750 24679.208984 61332.246094 14273.615234 5211.273926 51311.167969 53637.460938 3122.494629 60874.093750 20472.550781 4015.298096 55318.148438 34246.714844 48214.816406 56495.949219 14696.283203 33271.394531 33579.718750 20985.865234 31001.843750 40162.046875 12818.289062 62942.421875 19723.283203 2281.465088 60904.558594 19032.570312 21619.908203 43534.597656 3361.524170 18464.414062 40728.480469 8681.725586 15311.547852 10307.016602 31908.093750 27600.658203 54590.953125 65304.746094 14566.671875 10961.135742 46867.433594 40429.910156 34125.554688 57125.886719 35147.953125 54511.246094 63944.617188 56965.722656 4696.209961 4124.833008 37938.062500 30065.853516 64975.281250 52613.585938 7125.047363 33785.773438 4571.239746 22191.935547 1440.990479 21098.988281 50323.515625 23931.457031 55333.867188 19412.679688 276.194122 13446.117188 60132.835938 43361.207031 12498.425781 37211.710938 59140.500000 37767.515625 59573.066406 38118.078125 56742.414062 55318.628906 6009.134766 60402.835938 10511.839844 51884.500000 1576.888428 24407.029297 38435.851562 55200.175781 18302.484375 59451.000000 22366.273438 41506.835938 57991.570312 50560.589844 2356.667236 24020.667969 19013.175781 55156.667969 26045.615234 42449.035156 2830.571289 22704.976562 50517.796875 64815.976562 19767.927734 45437.320312 35041.140625 55176.503906 44074.253906 27983.556641 29934.957031 19666.990234 33239.281250 39774.929688 57516.992188 62616.089844 19724.035156 57810.640625 18094.949219 33486.683594 17205.011719 25612.603516 21981.884766 55374.730469 44474.917969 35993.761719 57761.636719 8116.100586 21199.689453 15152.691406 35464.718750 55917.453125 54800.777344 5845.853516 64119.128906 8220.232422 44549.679688 60447.367188 42785.320312 18034.830078 6248.917480 63579.132812 38103.394531 11863.045898 52806.265625 50004.457031 53802.101562 58061.113281 47205.394531 6286.949707 5342.097656 18217.736328 45865.128906 14548.064453 14491.135742 53077.570312 34512.984375 26569.621094 40995.945312 60937.808594 58207.964844 2261.601562 32779.578125 51275.003906 46940.132812 47812.902344 31267.253906 936.397888 4529.280762 196.029114 8322.723633 20562.525391 10403.164062 61066.062500 58305.296875 17721.000000 25013.320312 37493.410156 524.349121 34836.546875 35631.894531 53417.367188 29565.820312 12319.258789 58614.632812 64843.503906 55788.937500 64556.855469 63869.933594 62923.750000 40984.597656 60689.195312 43240.574219 52301.582031 28749.503906 49110.074219 32908.714844 20386.333984 37725.859375 41141.644531 32259.056641 19840.843750 12038.653320 38242.730469 28855.621094 37611.054688 1332.430664 51670.195312 57860.906250 37231.800781 65117.761719 48401.820312 12669.915039 17265.535156 35930.875000 18432.671875 10485.597656 53518.828125 538.572266 29650.789062 60002.355469 39969.804688 7462.434082 5736.146973 20183.871094 54926.695312 17583.648438 10473.419922 38932.441406 19023.052734 16585.710938 22405.689453 41507.406250 41413.597656 58022.214844 59891.445312 30607.646484 43551.816406 51173.679688 28068.171875 61711.433594 28997.298828 13514.985352 64935.773438 47679.972656 21081.957031 46488.394531 52177.113281 14498.634766 44991.320312 33147.734375 45577.949219 53332.906250 59790.457031 59139.171875 34489.898438 28772.855469 51944.789062 14284.823242 52935.000000 24483.142578 38758.925781 61341.441406 19265.255859 15851.224609 26749.828125 47561.273438 1205.871460 19773.757812 37155.976562 54662.652344 54886.816406 23001.414062 57755.957031 34684.867188 39665.902344 43329.984375 6712.230957 22988.570312 506.801544 54635.796875 22536.441406 18416.234375 47199.046875 63523.531250 50595.500000 10866.985352 25922.720703 7487.353516 52835.207031 12962.034180 38964.042969 38290.640625 16983.222656 48520.339844 23145.126953 2045.526001 43712.246094 3315.120605 43975.058594 22441.027344 12494.186523 9184.958008 47987.511719 64817.140625 27162.292969 2624.379639 8770.127930 26387.558594 28334.490234 57098.773438 15970.313477 10504.020508 16674.486328 15817.872070 23282.154297 6555.612793 27036.162109 24218.089844 36852.265625 21633.847656 20350.660156 62472.269531 44349.519531 38783.714844 56767.785156 60149.902344 11567.899414 61635.449219 39184.355469 14023.387695 50437.582031 17556.951172 61237.871094 796.506348 47000.378906 62176.546875 36677.703125 48863.347656 26338.326172 31867.912109 37273.378906 9975.674805 33876.761719 26397.033203 6113.679199 61518.167969 29153.935547 50855.539062 625.861084 29235.097656 16067.595703 43289.363281 64438.582031 32585.867188 616.555420 23742.783203 10291.473633 55896.769531 55013.156250 58758.667969 65460.070312 16370.612305 10205.865234 12060.303711 12076.242188 64952.722656 19195.181641 52227.750000 57056.308594 11343.885742 25220.117188 42585.687500 32542.779297 52862.609375 53310.195312 42921.347656 27458.316406 285.825684 9150.428711 12508.097656 10096.390625 18481.968750 29470.373047 22410.017578 48228.062500 37292.753906 27527.107422 55651.929688 35455.125000 44384.074219 63035.808594 58732.070312 63366.917969 54961.457031 141.684204 49238.441406 8403.090820 36904.457031 59980.964844 52051.382812 27544.501953 39936.808594 21240.351562 62999.765625 28158.642578 24152.667969 58005.894531 56864.234375 32340.130859 60779.117188 29031.070312 49828.656250 25070.365234 52190.507812 40944.335938 61866.871094 26778.099609 55778.195312 54131.250000 31214.150391 63147.382812 35341.074219 51512.324219 49312.593750 61825.085938 49608.195312 

